    1990    216.86500000
    1991    222.94734232
    1992    229.05422439
    1993    235.25317985
    1994    241.53603520
    1995    247.84133858
    1996    254.20872495
    1997    260.54958102
    1998    266.93351843
    1999    273.39956053
    2000    280.06070130
    2001    286.69328140
    2002    293.33256176
    2003    300.00817385
    2004    306.78757021
    2005    313.66694859
    2006    320.55836192
    2007    327.51053242
    2008    334.57523263
    2009    341.67007828
    2010    348.88631753
    2011    356.08528257
    2012    363.30974450
    2013    370.61728667
    2014    378.00848844
    2015    385.49101611
    2016    393.02706649
    2017    400.50462305
    2018    407.98104043
    2019    415.58985921
    2020    423.25196654
    2021    430.84587332
    2022    438.59486855
    2023    446.41640607
    2024    454.31953872
    2025    462.19907340
    2026    470.04307139
    2027    477.96894243
    2028    485.90244488
    2029    493.87142382
    2030    501.88911355
    2031    509.93928426
    2032    517.94704987
    2033    526.08643616
    2034    534.32350491
    2035    542.64395643
    2036    550.86808667
    2037    559.11162806
    2038    567.30848978
    2039    575.46561983
    2040    583.65776527
    2041    591.76999928
    2042    599.90278512
    2043    608.13216984
    2044    616.35559273
    2045    624.52256355
    2046    632.54984491
    2047    640.53920020
    2048    648.46428349
    2049    656.32749977
    2050    664.19003757
    2051    671.96148230
    2052    679.64820504
    2053    687.33492051
    2054    695.01333554
    2055    702.48821570
    2056    709.83768907
    2057    717.09809560
    2058    724.34342973
    2059    731.49013911
    2060    738.37278384
    2061    745.07579642
    2062    751.72583831
    2063    758.22727949
    2064    764.51629775
    2065    770.61667474
    2066    776.62198556
    2067    782.55031779
    2068    788.22433576
    2069    793.73752328
    2070    799.05452746
    2071    804.24636881
    2072    809.24968840
    2073    814.06774366
    2074    818.74297901
    2075    823.22733746
    2076    827.57398793
    2077    831.75297898
    2078    835.83292137
    2079    839.70679042
    2080    843.42962068
    2081    847.02700051
    2082    850.42065735
    2083    853.65666966
    2084    856.76530474
    2085    859.76170161
    2086    862.59738344
    2087    865.31275265
    2088    867.89296303
    2089    870.34880565
    2090    872.67579214
    2091    874.90238970
    2092    877.01601136
    2093    879.00216627
    2094    880.91214236
    2095    882.72901950
    2096    884.43843077
    2097    886.05538669
    2098    887.59064833
    2099    889.04894078
