    1990    216.86500000
    1991    222.94733860
    1992    229.02389296
    1993    235.19568642
    1994    241.47532059
    1995    247.77103906
    1996    254.02671539
    1997    260.40801423
    1998    266.84445804
    1999    273.44721127
    2000    280.05667914
    2001    286.68297447
    2002    293.31246607
    2003    300.05196861
    2004    306.80935146
    2005    313.63906552
    2006    320.57754414
    2007    327.60629650
    2008    334.55969089
    2009    341.60283609
    2010    348.71103377
    2011    355.85598783
    2012    363.00211224
    2013    370.27511634
    2014    377.62121475
    2015    384.98662812
    2016    392.44627426
    2017    399.90399258
    2018    407.44220600
    2019    414.96309668
    2020    422.59668770
    2021    430.30919204
    2022    437.95952060
    2023    445.69188195
    2024    453.48312865
    2025    461.29463036
    2026    469.13090398
    2027    476.99918152
    2028    484.88312930
    2029    492.83057175
    2030    500.90595531
    2031    508.99583374
    2032    516.98642542
    2033    524.96795515
    2034    533.10002365
    2035    541.20975379
    2036    549.28166798
    2037    557.43631507
    2038    565.63828533
    2039    573.72469148
    2040    581.79353082
    2041    589.88376141
    2042    597.99168344
    2043    605.99696266
    2044    614.03885257
    2045    622.14280658
    2046    630.19781391
    2047    638.03320425
    2048    645.87417314
    2049    653.64458769
    2050    661.40575736
    2051    669.12239073
    2052    676.70456588
    2053    684.21836846
    2054    691.59500560
    2055    698.85549308
    2056    706.02171442
    2057    713.08269147
    2058    720.01566866
    2059    726.89741501
    2060    733.61482846
    2061    740.20386498
    2062    746.53869515
    2063    752.75892722
    2064    758.86089380
    2065    764.86372439
    2066    770.67498838
    2067    776.35691808
    2068    781.83762592
    2069    787.13636623
    2070    792.29521281
    2071    797.26856277
    2072    802.06555212
    2073    806.77540605
    2074    811.33083533
    2075    815.71126978
    2076    819.89349360
    2077    823.89210687
    2078    827.73090161
    2079    831.39199962
    2080    834.92889256
    2081    838.33183392
    2082    841.61250870
    2083    844.73876460
    2084    847.70827640
    2085    850.53676842
    2086    853.24118165
    2087    855.83920290
    2088    858.30119612
    2089    860.61856189
    2090    862.81678817
    2091    864.91263751
    2092    866.92605987
    2093    868.84275801
    2094    870.63578141
    2095    872.34264829
    2096    873.98506535
    2097    875.54134347
    2098    877.00029677
    2099    878.36809754
    2100    879.67018855
    2101    880.90326569
