    1850          0.0000         15.1021         -0.1069
    1851          0.0512         15.0954         -0.1136
    1852          0.1027         15.1674         -0.0416
    1853          0.1562         15.1671         -0.0418
    1854          0.2120         15.0414         -0.1676
    1855          0.2777         15.1130         -0.0960
    1856          0.3441         15.3727          0.1637
    1857          0.4151         15.4811          0.2721
    1858          0.4868         15.2997          0.0907
    1859          0.5596         15.4741          0.2651
    1860          0.6373         15.4940          0.2850
    1861          0.7228         15.4819          0.2730
    1862          0.8130         15.5284          0.3194
    1863          0.9047         15.4201          0.2111
    1864          1.0019         15.2886          0.0796
    1865          1.1063         15.1916         -0.0174
    1866          1.2170         15.1116         -0.0974
    1867          1.3314         15.2523          0.0433
    1868          1.4537         15.2445          0.0355
    1869          1.5790         15.5401          0.3311
    1870          1.7119         15.7057          0.4967
    1871          1.8483         15.3944          0.1854
    1872          1.9931         15.1194         -0.0896
    1873          2.1531         15.5081          0.2991
    1874          2.3228         15.6174          0.4084
    1875          2.4834         15.3723          0.1633
    1876          2.6562         15.3228          0.1138
    1877          2.8317         15.6390          0.4300
    1878          3.0111         15.4278          0.2188
    1879          3.1914         15.2935          0.0845
    1880          3.3841         15.3912          0.1822
    1881          3.6029         15.1257         -0.0833
    1882          3.8276         15.1428         -0.0662
    1883          4.0640         15.3568          0.1478
    1884          4.3143         15.5813          0.3723
    1885          4.5665         15.3202          0.1112
    1886          4.8204         15.3165          0.1075
    1887          5.0781         15.4838          0.2748
    1888          5.3484         15.5803          0.3713
    1889          5.6468         15.2537          0.0447
    1890          5.9455         15.1490         -0.0600
    1891          6.2700         15.0997         -0.1093
    1892          6.6096         15.4274          0.2184
    1893          6.9517         15.2647          0.0557
    1894          7.2888         15.3602          0.1512
    1895          7.6391         15.0612         -0.1478
    1896          8.0099         15.2764          0.0674
    1897          8.3926         15.1678         -0.0412
    1898          8.7935         15.0283         -0.1807
    1899          9.2158         15.1878         -0.0212
    1900          9.6780         15.1763         -0.0327
    1901         10.1649         15.2184          0.0094
    1902         10.6681         15.6091          0.4001
    1903         11.1862         15.0219         -0.1871
    1904         11.7513         14.8182         -0.3908
    1905         12.3250         15.2543          0.0453
    1906         12.9358         15.2962          0.0872
    1907         13.5786         15.2693          0.0604
    1908         14.3038         15.3343          0.1253
    1909         15.0053         15.1272         -0.0818
    1910         15.7328         15.3670          0.1580
    1911         16.4966         15.3031          0.0941
    1912         17.2756         15.2513          0.0423
    1913         18.0934         15.1661         -0.0429
    1914         18.9805         15.4037          0.1948
    1915         19.7897         15.2252          0.0163
    1916         20.5903         15.1572         -0.0518
    1917         21.4530         14.9633         -0.2457
    1918         22.3470         15.2064         -0.0026
    1919         23.2317         15.0434         -0.1656
    1920         24.0100         15.0291         -0.1799
    1921         24.9098         15.3379          0.1289
    1922         25.7003         15.3541          0.1451
    1923         26.5404         15.1379         -0.0711
    1924         27.4955         15.1410         -0.0680
    1925         28.4612         15.0992         -0.1098
    1926         29.4401         15.0633         -0.1457
    1927         30.4064         15.0623         -0.1467
    1928         31.4725         15.2272          0.0182
    1929         32.5426         15.1157         -0.0933
    1930         33.6928         15.0847         -0.1243
    1931         34.7591         15.1426         -0.0664
    1932         35.7214         15.1452         -0.0638
    1933         36.5955         15.3927          0.1837
    1934         37.5122         15.1393         -0.0697
    1935         38.5057         15.0685         -0.1405
    1936         39.5485         15.2097          0.0007
    1937         40.6901         15.0947         -0.1143
    1938         41.9113         15.2241          0.0151
    1939         43.0630         15.3628          0.1538
    1940         44.2854         15.2640          0.0550
    1941         45.6068         15.0155         -0.1935
    1942         46.9526         15.1264         -0.0826
    1943         48.3006         15.1932         -0.0158
    1944         49.6917         15.2927          0.0837
    1945         51.0662         15.1164         -0.0926
    1946         52.2342         15.0109         -0.1981
    1947         53.5144         15.2820          0.0730
    1948         54.9488         15.4936          0.2846
    1949         56.4732         15.5421          0.3331
    1950         57.9712         15.4179          0.2089
    1951         59.6469         15.2106          0.0016
    1952         61.4422         15.2028         -0.0062
    1953         63.2707         15.4486          0.2396
    1954         65.1518         15.5454          0.3364
    1955         67.0809         15.3896          0.1807
    1956         69.1907         15.4678          0.2588
    1957         71.4502         15.3257          0.1167
    1958         73.8024         14.9721         -0.2369
    1959         76.2353         15.3919          0.1829
    1960         78.8027         15.7315          0.5225
    1961         81.4946         15.2936          0.0846
    1962         84.2069         15.3656          0.1566
    1963         87.0315         15.3243          0.1153
    1964         90.0211         15.0218         -0.1872
    1965         93.1651         15.1365         -0.0725
    1966         96.4542         15.3790          0.1700
    1967         99.8981         15.4592          0.2502
    1968        103.4576         15.2207          0.0117
    1969        107.2175         15.3009          0.0919
    1970        111.2003         15.3187          0.1097
    1971        115.4419         15.0472         -0.1618
    1972        119.8657         15.2063         -0.0027
    1973        124.4820         15.4747          0.2657
    1974        129.3636         15.4155          0.2065
    1975        134.2213         15.3650          0.1560
    1976        139.0563         15.4046          0.1956
    1977        144.1575         15.2203          0.0113
    1978        149.4232         15.4965          0.2875
    1979        154.9030         15.5882          0.3792
    1980        160.5274         15.3504          0.1414
    1981        166.0715         15.3749          0.1660
    1982        171.5066         15.3665          0.1575
    1983        176.8789         15.2191          0.0101
    1984        182.2556         15.4345          0.2255
    1985        187.7612         15.3310          0.1220
    1986        193.3230         15.6093          0.4003
    1987        198.9839         15.7347          0.5257
    1988        204.7968         15.4101          0.2012
    1989        210.7950         15.2590          0.0500
    1990        216.8650         15.1928         -0.0161
    1991        222.9089         15.6759          0.4669
    1992        228.9608         15.6854          0.4764
    1993        234.9674         15.8651          0.6561
    1994        241.0215         15.9275          0.7185
    1995        247.1163         15.7456          0.5366
    1996        253.3452         15.7139          0.5049
    1997        259.7014         15.6410          0.4321
    1998        266.1152         15.7947          0.5857
    1999        272.5412         16.0993          0.8904
    2000        279.0322         15.9168          0.7078
    2001        285.7478         15.9433          0.7344
    2002        292.5316         16.1992          0.9902
    2003        299.4549         15.8714          0.6625
    2004        306.7057         15.7534          0.5444
    2005        314.3341         15.9587          0.7497
    2006        322.2371         16.0493          0.8403
    2007        330.4034         16.4017          1.1927
    2008        338.8887         16.2124          1.0034
    2009        347.4296         16.4212          1.2122
    2010        355.8343         16.8136          1.6046
    2011        364.6214         16.7520          1.5430
    2012        373.6838         16.5593          1.3503
    2013        382.8751         16.8270          1.6180
    2014        392.3373         16.6326          1.4236
    2015        401.8593         16.5255          1.3165
    2016        411.6597         16.9605          1.7515
    2017        421.7386         16.7711          1.5621
    2018        432.0959         16.6613          1.4523
    2019        442.7317         16.9723          1.7633
    2020        453.6459         17.0651          1.8561
    2021        464.7786         17.0577          1.8487
    2022        476.1300         17.2154          2.0064
    2023        487.6999         17.1710          1.9620
    2024        499.4884         17.2882          2.0792
    2025        511.4954         17.0514          1.8425
    2026        523.7210         16.9481          1.7391
    2027        536.1652         17.1200          1.9111
    2028        548.8279         17.3586          2.1496
    2029        561.7092         17.5140          2.3050
    2030        574.8091         17.5686          2.3596
    2031        588.0629         17.2558          2.0468
    2032        601.4707         17.2618          2.0528
    2033        615.0324         17.3110          2.1021
    2034        628.7481         17.6249          2.4159
    2035        642.6177         17.7195          2.5105
    2036        656.6412         17.2241          2.0151
    2037        670.8187         17.3794          2.1704
    2038        685.1501         17.9240          2.7150
    2039        699.6355         18.1587          2.9497
    2040        714.2749         17.9844          2.7754
    2041        729.0330         18.0952          2.8862
    2042        743.9101         17.8503          2.6413
    2043        758.9060         17.6983          2.4893
    2044        774.0208         17.7323          2.5233
    2045        789.2545         18.2774          3.0684
    2046        804.6070         18.2283          3.0194
    2047        820.0785         17.9841          2.7751
    2048        835.6687         18.1841          2.9752
    2049        851.3779         18.3177          3.1087
    2050        867.2059         18.2893          3.0803
    2051        883.1186         18.4186          3.2096
    2052        899.1159         18.6363          3.4273
    2053        915.1979         18.5510          3.3420
    2054        931.3645         17.8522          2.6432
    2055        947.6158         18.1756          2.9666
    2056        963.9517         18.4245          3.2155
    2057        980.3723         18.4450          3.2360
    2058        996.8775         18.4851          3.2761
    2059       1013.4674         18.5675          3.3585
    2060       1030.1420         19.0083          3.7993
    2061       1046.9048         18.9204          3.7114
    2062       1063.7559         19.1764          3.9674
    2063       1080.6953         18.9938          3.7848
    2064       1097.7230         18.9527          3.7437
    2065       1114.8390         18.6954          3.4864
    2066       1132.0433         18.5041          3.2951
    2067       1149.3358         18.5864          3.3774
    2068       1166.7167         18.9823          3.7733
    2069       1184.1858         19.0111          3.8022
    2070       1201.7432         18.6686          3.4596
    2071       1219.3885         18.6891          3.4801
    2072       1237.1216         18.8366          3.6276
    2073       1254.9426         19.2333          4.0243
    2074       1272.8514         19.3179          4.1090
    2075       1290.8480         19.2028          3.9938
    2076       1308.9325         19.1748          3.9658
    2077       1327.1049         19.4540          4.2450
    2078       1345.3651         19.6913          4.4823
    2079       1363.7131         19.4234          4.2144
    2080       1382.1490         19.6814          4.4724
    2081       1400.7083         19.6003          4.3913
    2082       1419.3911         19.2717          4.0627
    2083       1438.1973         19.2899          4.0809
    2084       1457.1269         19.7597          4.5507
    2085       1476.1799         19.8528          4.6438
    2086       1495.3563         19.6369          4.4279
    2087       1514.6562         19.7591          4.5501
    2088       1534.0796         20.0571          4.8481
    2089       1553.6263         20.1111          4.9021
    2090       1573.2965         20.0258          4.8168
    2091       1593.0945         20.1068          4.8979
    2092       1613.0203         20.3343          5.1253
    2093       1633.0740         20.0448          4.8358
    2094       1653.2555         19.6306          4.4216
    2095       1673.5649         19.6584          4.4494
    2096       1694.0020         20.1691          4.9601
    2097       1714.5671         20.2047          4.9957
    2098       1735.2599         19.9673          4.7583
    2099       1756.0806         20.2581          5.0491
